integral---------------------------------------------------
MNovaHtestset/0H.png
( 4.09, 7.51942, 7.40777 )
( 1.00, 7.40777, 7.33981 )
( 2.04, 7.2233, 7.11165 )
( 1.97, 7.00971, 6.89806 )
( 1.00, 5.14563, 5.07282 )
( 1.08, 3.08738, 2.98058 )
( 1.00, 2.8835, 2.78641 )
( 1.00, 2.30097, 2.20874 )
( 1.00, 2.18447, 2.06796 )
---------------------------------------------------

integral---------------------------------------------------
MNovaHtestset/1H.png
( 2.10, 7.35437, 7.29612 )
( 2.09, 7.21845, 7.16019 )
( 2.21, 7.14563, 7.05825 )
( 2.06, 6.92233, 6.8301 )
( 1.00, 5.05825, 4.98544 )
( 1.06, 3.03883, 2.92718 )
( 1.05, 2.83495, 2.73301 )
( 3.20, 2.37379, 2.3301 )
( 1.10, 2.2233, 2.13592 )
( 1.07, 2.13592, 2.01942 )
---------------------------------------------------


shift--------------------------------------------------
MNovaHtestset/0H.png
7.49
7.49
7.47
7.46
7.45
7.44
7.43
7.42
7.41
7.39
7.38
7.38
7.37
7.37
7.20
7.18
7.16
7.15
7.13
6.99
6.99
6.97
6.97
6.95
6.95
6.93
6.91
6.91
5.12
5.10
3.05
3.04
3.03
3.01
3.00
2.86
2.85
2.82
2.81
2.28
2.28
2.27
2.27
2.26
2.25
2.24
2.24
2.23
2.19
2.16
2.16
2.15
2.15
2.14
2.14
2.13
2.13
2.12
2.12
2.11
---------------------------------------------------


shift--------------------------------------------------
MNovaHtestset/1H.png
7.32
7.30
7.25
7.25
7.20
7.18
7.13
7.11
7.09
7.07
6.90
6.88
6.88
6.86
6.86
6.84
6.84
5.04
5.04
5.02
5.01
3.00
2.99
2.97
2.96
2.95
2.82
2.81
2.80
2.78
2.77
2.76
2.36
2.21
2.21
2.20
2.20
2.19
2.18
2.18
2.17
2.17
2.16
2.16
2.14
2.13
2.12
2.12
2.11
2.11
2.11
2.10
2.10
2.08
2.08
2.07
2.07
2.07
2.07
2.06
---------------------------------------------------

